1150
1120
1100
1090
1080
1060
1040
1020
1000
900
850
800
750
700
650
600
550
500
450
400
350
335.576
335.859
336.143
336.427
336.757
337.97
339.183
340.396
341.609
342.008
342.309
342.21
342.018
342.259
342.657
343.056
343.455
342.59
340.793
338.995
337.197
336.523
337.422
337.714
336.815
335.916
335.018
334.119
333.22
332.501
333.4
334.299
335.197
336.096
334.456
332.658
332.411
332.411
332.411
332.411
332.411
332.411
332.411
332.411
332.411
332.411
333.498
335.828
338.157
340.487
342.098
342.098
342.098
342.098
343.153
350.189
357.225
364.261
371.296
371.355
371.355
371.355
371.355
371.355
371.355
371.355
371.355
370.864
370.137
369.41
368.683
367.956
367.229
365.866
363.685
362.286
362.286
362.286
362.286
362.286
362.286
362.286
362.286
362.286
362.286
362.286
362.279
362.271
362.274
362.277
362.281
362.285
363.496
365.165
366.835
368.504
370.173
371.843
373.43
374.932
376.434
377.936
379.438
380.94
381.315
378.311
375.308
372.304
369.713
371.215
372.717
374.219
375.721
377.222
378.724
380.226
381.728
379.738
376.734
373.731
370.727
370.501
372.003
373.505
375.007
376.509
378.011
379.513
381.015
381.862
381.181
380.501
379.82
379.236
379.236
379.236
379.236
379.236
379.236
379.236
379.236
379.236
379.236
379.236
379.236
379.236
379.236
379.236
379.236
379.236
379.236
379.236
379.236
379.236
379.236
379.236
379.236
379.236
379.236
379.236
379.183
378.716
378.248
377.78
377.313
376.845
376.377
375.961
375.553
375.144
374.735
374.326
373.918
373.509
373.1
372.691
372.283
371.874
371.465
371.547
372.364
373.182
373.999
374.521
374.112
373.703
373.294
372.886
372.477
372.068
371.659
371.251
371.976
372.794
373.611
374.429
361.477
344.335
334.862
328.876
322.889
316.903
310.916
304.93
301.008
299.612
298.215
296.818
295.422
294.025
292.925
292.925
292.925
292.925
292.925
292.925
292.925
292.925
292.925
292.925
292.925
292.925
292.925
292.352
291.575
290.659
289.671
288.684
287.696
287.25
287.345
287.44
287.536
287.631
287.727
287.872
288.158
288.392
288.392
288.392
288.392
288.383
288.023
287.664
287.304
286.945
286.897
286.897
286.897
286.897
286.897
286.897
286.897
286.897
289.398
293.944
298.491
303.037
305.679
305.363
305.047
304.73
303.663
300.128
296.592
293.057
289.787
289.787
289.787
289.787
289.787
289.787
289.787
289.787
289.787
290.252
290.864
291.477
292.09
292.053
291.584
291.114
290.645
290.611
291.128
291.546
291.788
292.25
293.266
294.282
295.297
296.186
296.186
296.186
296.186
296.186
296.186
296.186
296.186
296.186
296.186
296.186
296.186
296.186
297.113
298.538
299.963
301.389
301.601
300.558
299.946
299.946
299.946
299.946
299.946
299.946
300.118
301.099
302.081
303.062
304.044
305.047
306.051
308.881
311.833
312.257
312.264
312.272
312.279
312.281
312.281
312.281
312.281
312.281
312.281
312.255
312.198
312.174
312.202
312.231
312.259
313.492
318.876
324.259
329.643
335.027
340.41
345.794
345.861
345.861
345.861
345.861
345.861
345.861
346.591
347.565
348.539
349.512
347.306
342.905
340.008
338.541
337.074
335.607
334.14
332.674
331.61
331.61
331.61
331.61
331.636
331.855
332.187
335.39
338.593
337.297
335.805
334.314
332.822
330.092
327.053
324.013
320.973
319.884
319.884
319.842
319.767
319.747
319.784
319.821
319.859
319.86
319.785
319.71
319.636
319.561
319.486
319.418
319.418
319.418
319.418
319.418
319.418
319.418
322.149
325.363
328.576
331.79
329.913
325.767
324.16
324.16
324.16
324.16
324.16
324.16
323.907
323.231
322.555
321.879
321.755
323.627
325.498
327.37
328.88
324.554
320.229
315.903
311.578
326.495
343.55
360.605
377.66
382.066
382.066
382.066
382.066
382.066
382.066
382.066
382.066
382.066
382.066
382.066
382.066
382.066
382.066
382.066
382.066
382.066
382.066
382.066
382.066
382.066
382.066
382.066
382.066
382.066
382.066
382.066
382.066
382.066
382.066
382.066
382.066
382.066
382.066
382.066
382.066
382.066
382.066
382.066
382.066
382.066
382.066
382.066
382.066
382.066
382.066
