10
11
12
13
14
15
16
17
18
19
20
20
20
20
20
20
20
20
20
20
20
20
20
0
0
0
0
0
0
0
0
0
0
0
0
0
0
0
0
0
0
0
0
0
0
0
0
0
0
0
0
320
320
320
320
320
320
320
320
320
320
320
320
320
329.539
341.042
349.058
357.074
360
369.659
380
380
385.731
397.756
400
400
400
400
400
409.9
420
420
420
420
420
420
420
420
420
420
420
420
420
420
420
420
420
426.333
438.357
440
440
440
440
440
440
440
440
440
440
450.621
460
460
460
460
460
462.766
474.79
480
480
480
480
480
486.934
498.958
500
500
500
500
500
500
500
500
500
500
500
500
500
507.295
513.106
517.114
520
520
520
520
520
520
520
520
520
520
520
520
520
520
520
520
520
520
520
520
520
520
520
520
520
520
520
520
520
520
520
520
520
520
520
520
520
520
520
520
520
520
520
520
520
521.483
525.491
529.499
540
540
540
540
540
540
540
541.563
545.571
549.579
560
560
560
560
560
560.882
572.906
580
580
580
581.002
593.026
600
600
600
601.122
613.146
620
620
629.218
633.747
637.756
640
640
649.339
660
660
665.411
677.435
680
681.483
693.507
705.531
717.555
729.579
733.868
737.876
745.651
757.675
769.699
773.908
777.916
785.772
797.796
800
801.844
813.868
820
820
820
821.964
833.988
840
840
840
842.084
854.108
860
860
860
860
860
862.084
866.092
870.301
880
880
880
880
880
880
880
880
880
880
880
880
880
880
880
880
880
880
880
880
880
880
880
880
880
880
880
880
880
880
880
880
880
880
880
880
880
880
880
880
880
880
875.11
867.094
860
860
860
860
860
860
860
860
854.95
846.934
840
840
840
840
840
840
840
840
832.184
820.16
820
820
820
820
820
808.016
800
800
800
800
800
795.872
783.848
780
780
780
780
780
771.703
760
760
760
760
754.389
746.373
740
740
740
740
740
738.277
730.261
722.244
720
720
720
720
720
714.148
706.132
698.116
690.1
682.084
680
680
678.036
670.02
662.004
660
660
660
660
660
653.908
645.892
640
640
640
640
640
640
640
640
640
640
640
640
640
640
640
640
640
640
640
640
640
640
640
640
640
640
640
640
640
640
640
640
640
640
640
640
640
640
640
637.876
625.852
620
620
616.593
612.585
605.731
593.707
581.683
580
577.635
565.611
553.587
541.563
536.513
532.505
525.491
513.467
501.443
489.419
477.395
465.371
453.347
441.323
425.731
409.699
393.667
377.635
361.603
349.178
337.154
328.377
324.369
320.361
320
320
320
320
320
320
320
320
320
320
320
320
320
320
320
320
320
320
320
320
320
320
320
320
320
320
320
320
320
320
320
320
320
320
320
320
320
320
320
320
320
320
320
320
320
